Iteración:
[[ 1.00e+00  0.00e+00  1.00e+00  0.00e+00  0.00e+00  0.00e+00  8.00e+00]
 [ 0.00e+00  1.00e+00  0.00e+00  1.00e+00  0.00e+00  0.00e+00  1.00e+01]
 [ 0.00e+00  3.00e+00 -4.00e+00  0.00e+00  1.00e+00  0.00e+00  1.20e+01]
 [ 0.00e+00  2.25e+02 -5.00e+02  0.00e+00  0.00e+00  1.00e+00  5.00e+02]
 [ 0.00e+00  3.00e+02 -5.00e+02  0.00e+00  0.00e+00  0.00e+00 -4.00e+03]]

Iteración:
[[ 1.00000000e+00  0.00000000e+00  1.00000000e+00  0.00000000e+00
   0.00000000e+00  0.00000000e+00  8.00000000e+00]
 [ 0.00000000e+00  0.00000000e+00  2.22222222e+00  1.00000000e+00
   0.00000000e+00 -4.44444444e-03  7.77777778e+00]
 [ 0.00000000e+00  0.00000000e+00  2.66666667e+00  0.00000000e+00
   1.00000000e+00 -1.33333333e-02  5.33333333e+00]
 [ 0.00000000e+00  1.00000000e+00 -2.22222222e+00  0.00000000e+00
   0.00000000e+00  4.44444444e-03  2.22222222e+00]
 [ 0.00000000e+00  0.00000000e+00  1.66666667e+02  0.00000000e+00
   0.00000000e+00 -1.33333333e+00 -4.66666667e+03]]

Iteración:
[[ 1.00000000e+00  0.00000000e+00  0.00000000e+00  0.00000000e+00
  -3.75000000e-01  5.00000000e-03  6.00000000e+00]
 [ 0.00000000e+00  0.00000000e+00  0.00000000e+00  1.00000000e+00
  -8.33333333e-01  6.66666667e-03  3.33333333e+00]
 [ 0.00000000e+00  0.00000000e+00  1.00000000e+00  0.00000000e+00
   3.75000000e-01 -5.00000000e-03  2.00000000e+00]
 [ 0.00000000e+00  1.00000000e+00  0.00000000e+00  0.00000000e+00
   8.33333333e-01 -6.66666667e-03  6.66666667e+00]
 [ 0.00000000e+00  0.00000000e+00  0.00000000e+00  0.00000000e+00
  -6.25000000e+01 -5.00000000e-01 -5.00000000e+03]]


Solución Óptima:
Valor óptimo de Z: -5000.0
X1 = 6.0
X2 = 6.666666666666666
