Iteración 1:
[[ 0.16666667  1.          0.16666667  0.          0.          3.33333333]
 [ 0.83333333  0.         -0.16666667  1.          0.         56.66666667]
 [ 1.          0.          0.          0.          1.         40.        ]
 [-1.16666667  0.          0.83333333  0.          0.         16.66666667]]

Iteración 2:
[[ 1.  6.  1.  0.  0. 20.]
 [ 0. -5. -1.  1.  0. 40.]
 [ 0. -6. -1.  0.  1. 20.]
 [ 0.  7.  2.  0.  0. 40.]]

Solución Óptima: 40.00000000000001
x1 = 20.000000000000004
x2 = 0
